















0
 0
  0
   0
    0



   0



   0
    

0  
 0



0
0
0
0
0
0
0
0
0
BPM 158



       0

   
       
       0



0

     0

   0

    0  
     0
      0
       0
0
 0
  


       0
       
       0 
       0
       0
       0    
       0
SPLIT 2
      0  
    0
  0
      
0     
       
0
0
0
0
 0
     0
     0
       0
0
  0
  0
  0
    0
     0
     0
    0
   0
  0
  0
  0
   0
    0
    0
    0
0
0
   0
      0

 0
    0
       0
    0
      0
    0
    0

    0
   0
  0
 


0

0
0
0
 0 
  0
   0 
    0
    0
    0
    0

0
0
0
0



       0
      0
     0
    0
SPLIT 4
   0
   0
   0
   0
   0



   0
   0
   0
   0
   0



    0
    0
    0
    0
    0
     0
      0
       0
0

 

SPLIT 2
0

0

0

0

0

0

0
 0 
  0
 
  0

  0

  0

  0

  0

  0

  0
   0
    0

    0

    0

    0

    0

    0

    0

    0
     0
      0

      0

      0 

      0

      0


 
0

0

0


SPLIT 4


0
0
0

 0
 0
 0

0
0
0

 0
 0
 0

  0
  0
  0

    0
    0
    0

SPLIT 3
 0
  0
   0
    0
     0
      0
       0
0
 0
  0
   0
    0
SPLIT 1.5
     0
     0
     0
      0
      0
      0
SPLIT 4
     0
   
   0

0

  0
  
0
0
0

 0
 0
 0

0
0
0

 0
 0
 0

  0
  0
  0

    0
    0
    0

SPLIT 3
     0
    0
   0
  0
 0
  0
   0
    0
     0
      0
       0
0
SPLIT 1


0
0
0
SPLIT 4
0

 0

0

  0
  0
  0
     
     0
     0
     0

       0

0

   0

0
0
0   
     0
     0
     0

      0
       
       0
   
   0
   0
   0

0
0
0


0

 0

0

0

  0

   0

   0


0
0
0
0
0
 0
  0
  0
  0
  0
  0

0  
 
0   
 0
  0
   0
    0
     0
      0
       0
0 
 0
  0
   0
    0
     0
      0
       0
       0
       0
       0
       0



0
0
0
0
0
0
0
0

0

0

0
0
 
 0
 0

0
0
 
 0
 0
 
  0
  0
  
   0
   
    0
    

    0
   
  0
 
SPLIT 3
0
 0
 0
  0
  0
   0
   0
    0
    0
     0
     0
      0
      0
       0
       0





SPLIT 2
0



0

 0

  0
  0
  0
  0
  0
   
   0
  
  0
 
 0

0

0

0
 0
  0
   0
    0
     0
    0
   0
  

  0
  0
  0

  0
  
  0

   0
   
   0

0

0

    0
     0
0
 0
  0
   0
    0
     


SPLIT 4
0

0
 
  0

  0

    0

    0

     0

     0

    0
    
  0
  
  0

0
0
0
0
0
 0
 0
 0
 0
 0

0



0

 0

   0

   0
   
   0

   0

    0
    0
    0
    0
    0

  0
  
  0

0

0

 0  
  
  0

   0


 0

     0
     
    0

   0

  0

0

0

0

 0

 0

 0

 0

  0
   
    0
   
  0



0

0

0

0

0

0

 0

   0
   
   0

   0
   
   0

   0

  0

0

 0

  0

   0

   0
SPLIT 1













SPLIT 4



0

 0
 0
 0

    0

0



  0

  0

    0

     0
     0
     0

0

  0



0

  0

     0


     
     0

  0 

     0

 0
  0
   0

   0

0

   0

     0
  
  0
  


0

    0

  0

0

 0
 0
 0

    0

0



  0

  0

    0

     0
     0
     0

0

  0



0

  0

     0


     
     0

  0 

     0

 0
  0
   0

   0












0
   
   0

     0
    
  0
   0
    0

    0

    0



0

 0

0

0
0
0

 0

   0



0

 0

  0



0

 0

  0

0
0
0

  0
  0
  0

   0

     0

0

   0



0



0

  0

  0
  0
  0

    0

    0
